1000;40.54;366.86;5.6;7107.16;9718.3;2611.1399999999994
2000;48.5;731.6;5.9;16416.74;21693.18;5276.439999999999
3000;75.16;1101.98;6.0;26667.52;34141.18;7473.66
4000;79.04;1471.14;6.34;36032.52;45536.8;9504.280000000006
5000;86.7;1833.1;6.34;45731.66;57971.66;12240.0
6000;102.24;2205.2;6.56;54645.0;70774.72;16129.720000000001
7000;92.6;2579.78;6.64;66565.9;84188.5;17622.600000000006
8000;119.74;2939.96;6.66;77312.78;98333.6;21020.820000000007
9000;130.44;3312.8;6.62;88719.4;109802.0;21082.600000000006
10000;140.5;3682.36;6.72;96901.36;121663.94;24762.58
11000;132.46;4045.7;6.62;111558.36;140069.66;28511.300000000003
12000;138.1;4408.18;6.66;120054.8;151186.12;31131.319999999992
13000;159.04;4781.58;6.74;132351.84;164769.06;32417.22
14000;137.66;5145.06;6.86;145168.04;175882.3;30714.25999999998
15000;157.66;5524.88;6.96;152760.82;193612.92;40852.100000000006
16000;168.06;5884.14;6.86;168904.1;209464.46;40560.359999999986
17000;179.06;6265.54;6.98;175922.88;220723.16;44800.28
18000;131.2;6618.7;6.74;188137.78;236272.04;48134.26000000001
19000;177.62;6989.08;7.16;199785.6;241617.62;41832.01999999999
20000;193.48;7354.14;7.1;204166.36;260936.62;56770.26000000001
21000;186.08;7722.58;6.96;220768.24;277267.06;56498.82000000001
22000;201.86;8091.52;7.16;235603.38;290556.86;54953.47999999998
23000;203.0;8461.92;7.26;243449.32;303007.26;59557.94
24000;200.6;8836.58;7.18;264095.42;325970.48;61875.06
25000;204.06;9188.7;7.08;265193.66;325207.28;60013.62000000005
26000;196.56;9568.72;7.14;282908.2;347521.58;64613.380000000005
27000;200.92;9935.26;7.1;283254.44;360141.26;76886.82
28000;187.78;10310.7;7.34;299255.2;377271.54;78016.33999999997
29000;199.22;10661.9;7.16;318025.88;393483.66;75457.77999999997
30000;221.3;11032.52;7.14;333726.6;400467.64;66741.04000000004
31000;208.34;11405.66;7.14;339651.08;418383.44;78732.35999999999
32000;232.28;11773.82;7.28;348520.92;433698.22;85177.29999999999
33000;232.68;12133.52;7.26;365777.86;459487.32;93709.46000000002
34000;206.28;12501.5;7.2;386886.6;476506.48;89619.88
35000;267.18;12870.24;7.36;382254.28;462801.16;80546.87999999995
36000;253.58;13231.84;7.26;409759.26;496876.3;87117.03999999998
37000;229.88;13616.42;7.26;421669.84;511262.28;89592.44
38000;282.1;13979.7;7.34;426373.9;511313.1;84939.19999999995
39000;250.92;14351.26;7.28;438439.94;544751.22;106311.27999999997
40000;223.02;14704.72;7.36;442102.28;539855.44;97753.15999999992
41000;260.64;15093.76;7.24;457406.3;570575.96;113169.65999999997
42000;249.76;15451.46;7.34;476340.88;590687.24;114346.35999999999
43000;251.64;15816.78;7.46;472943.22;588815.04;115871.82000000007
44000;238.26;16185.4;7.28;503121.78;618061.5;114939.71999999997
45000;262.42;16568.82;7.4;514867.86;643336.78;128468.92000000004
46000;265.54;16925.62;7.42;509865.76;645620.52;135754.76
47000;273.04;17296.5;7.34;526099.84;659711.84;133612.0
48000;269.04;17649.14;7.18;543180.52;671766.72;128586.19999999995
49000;291.8;18016.82;7.34;542629.5;683949.66;141320.16000000003
50000;255.16;18386.68;7.72;557930.58;708160.66;150230.08000000007
51000;335.08;18761.28;7.48;576046.66;705895.16;129848.5
52000;308.16;19142.62;7.48;587513.16;739363.7;151850.53999999992
53000;294.58;19502.76;7.5;621131.18;749106.48;127975.29999999993
54000;277.72;19842.1;7.66;619068.46;755290.02;136221.56000000006
55000;287.66;20245.76;7.52;638444.78;779574.06;141129.28000000003
56000;256.52;20607.0;7.56;640590.7;803764.64;163173.94000000006
57000;316.8;20976.04;7.42;650313.52;812593.14;162279.62
58000;258.76;21333.42;7.44;658887.02;822914.2;164027.17999999993
59000;294.32;21692.52;7.58;667294.7;827246.52;159951.82000000007
60000;339.54;22064.42;7.42;688424.08;860070.42;171646.34000000008
61000;300.38;22437.66;7.58;701731.12;884020.62;182289.5
62000;324.9;22805.82;7.56;721485.34;887534.3;166048.96000000008
63000;292.76;23180.22;7.66;755641.84;936824.02;181182.18000000005
64000;301.56;23538.98;7.52;762917.1;915617.9;152700.80000000005
65000;331.88;23918.88;7.54;731948.08;930166.66;198218.58000000007
66000;324.32;24268.36;7.64;768927.1;944532.76;175605.66000000003
67000;340.74;24645.2;7.52;780528.42;942481.34;161952.91999999993
68000;362.06;25014.1;7.56;792522.12;976736.56;184214.44000000006
69000;363.08;25385.0;7.68;825688.58;1000721.86;175033.28000000003
70000;294.26;25744.98;7.54;816561.38;1014246.96;197685.57999999996
71000;311.96;26140.14;7.52;855616.5;1040028.08;184411.57999999996
72000;349.8;26494.08;7.76;839091.48;1034145.5;195054.02000000002
73000;354.92;26850.34;7.42;858182.48;1064840.38;206657.8999999999
74000;376.06;27224.88;7.54;858093.32;1090729.32;232636.00000000012
75000;336.08;27612.14;7.7;889220.16;1106905.18;217685.0199999999
76000;342.44;27968.88;7.74;890331.12;1093171.78;202840.66000000003
77000;353.18;28315.5;7.6;931742.68;1103327.52;171584.83999999997
78000;358.86;28691.74;7.7;913680.28;1125272.04;211591.76
79000;339.28;29065.08;7.74;934288.22;1162593.16;228304.93999999994
80000;333.5;29427.02;7.76;953247.34;1193791.24;240543.90000000002
81000;366.12;29796.58;7.7;970993.12;1186223.96;215230.83999999997
82000;426.68;30169.84;7.68;978784.36;1205342.78;226558.42000000004
83000;434.68;30530.66;7.7;1013622.64;1228550.82;214928.18000000005
84000;381.78;30908.32;7.66;1019283.88;1249905.78;230621.90000000002
85000;368.32;31273.88;7.64;1015786.22;1263129.56;247343.34000000008
86000;397.24;31652.12;7.7;1033269.62;1261048.62;227779.00000000012
87000;367.04;32001.32;7.76;1045043.98;1296996.74;251952.76
88000;378.7;32371.48;7.8;1071408.94;1307527.18;236118.24
89000;307.18;32740.4;7.72;1074135.2;1318984.18;244848.97999999998
90000;373.6;33115.1;7.7;1109186.82;1330723.3;221536.47999999998
91000;382.96;33485.12;7.7;1135384.0;1339224.52;203840.52000000002
92000;373.0;33864.22;7.7;1099392.2;1333977.98;234585.78000000003
93000;381.34;34191.98;7.7;1130394.72;1393902.9;263508.17999999993
94000;370.24;34552.08;7.62;1138567.3;1397328.06;258760.76
95000;344.12;34948.52;7.7;1173463.66;1428564.04;255100.38000000012
96000;405.22;35315.64;7.76;1156235.6;1408792.3;252556.69999999995
97000;409.78;35691.74;7.64;1156800.4;1431589.5;274789.1000000001
98000;425.06;36061.1;7.68;1179131.02;1454163.64;275032.6199999999
99000;368.84;36408.0;7.58;1189048.74;1501742.18;312693.43999999994
100000;389.96;36774.52;7.82;1238213.62;1475559.02;237345.3999999999
